 0
 -20
 -43
 -20
 0
 18
 42
 57
 73
 82
 80
 59
 44
 35
 43
 39
 36
 17
 -3
 -20
 -31
 -32
 -34
 -43
 -69
 -75
 -77
 -70
 -59
 -38
 -25
 -6
 -4
 9
 23
 43
 55
 69
 59
 49
 31
 14
 -3
 -18
 -20
 -25
 -30
 -28
 -22
 -4
 15
 37
 61
 74
 87
 85
 92
 89
 89
 96
 105
 113
 112
 110
 100
 70
 57
 40
 25
 4
 -20
 -28
 -38
 -46
 -53
 -58
 -45
 -50
 -47
 -40
 -32
 -20
 2
 22
 40
 70
 84
 91
 77
 71
 58
 46
 24
 11
 10
 16
 20
 28
 33
 33
 44
 39
 38
 27
 25
 1
 -3
 -16
 -20
 -26
 -24
 -14
 -6
 -1
 1
 -4
 -22
 -52
 -74
 -103
 -110
 -105
 -94
 -82
 -71
 -51
 -23
 6
40
69
88
96
90
79
64
47
36
30
16
2
-6
-5
-18
-36
-48
-43
-26
-16
-12
-22
-21
-10
-11
-26
-31
-33
-48
-63
-67
-70
-62
-62
-64
-68
-70
-80
-76
-82
-75
-65
-55
 -41
 -23
 -2
 15
 30
 34
 52
 54
 48
 49
 30
 14
 0
 -13
 -15
 -27
 -39
 -47
 -51
 -52
 -45
 -46
 -53
 -55
 -49
 -42
 -36
 -27
 -12
 -4
 3
 13
 20
 35
 35
 40
 51
 61
 81
 90
 99
 95
 78
 54
 27
 3
 -24
 -40
 -54
 -82
 -96
 -115
 -131
 -151
 -158
 -147
 -134
 -121
 -115
 -109
 -94
 -93
 -88
 -74
 -60
 -53
 -42
 -37
 -42
 -31
 -30
 -32
 -29
 -10
 -4
 -3
 -14
 -20
 -38
 -46
 -48
 -43
 -25
 -9
  4
